POEMS!
 [1.0 0.70551378 0.62969923 0.58245617 0.62080199 0.68859649 0.59761906]
[0.70551378 1.0 0.68709272 0.59060156 0.59135342 0.72493732 0.56892228]
[0.62969923 0.68709272 1.0 0.65776938 0.5176692 0.58809525 0.48859653]
[0.58245617 0.59060156 0.65776938 1.0 0.53571427 0.57042611 0.50325817]
[0.62080199 0.59135342 0.5176692 0.53571427 1.0 0.59523809 0.72042608]
[0.68859649 0.72493732 0.58809525 0.57042611 0.59523809 1.0 0.57882208]
[0.59761906 0.56892228 0.48859653 0.50325817 0.72042608 0.57882208 1.0]

TEXTS!
[1.0 0.67744356 0.56929827 0.57280701 0.50952387 0.50789469 0.47105262]
[0.67744356 1.0 0.59348375 0.59536338 0.45914781 0.44887221 0.41140351]
[0.56929827 0.59348375 1.0 0.52243114 0.38558897 0.44699249 0.38483706]
[0.57280701 0.59536338 0.52243114 1.0 0.48659146 0.44223061 0.45037597]
[0.50952387 0.45914781 0.38558897 0.48659146 1.0 0.51491231 0.64185464]
[0.50789469 0.44887221 0.44699249 0.44223061 0.51491231 1.0 0.50300753]
[0.47105262 0.41140351 0.38483706 0.45037597 0.64185464 0.50300753 1.0]


LOW_AES_POEMS!
[[1.         0.74595469 0.66893202 0.61941743 0.72912627 0.73915857 0.70550162]
[0.74595469 1.         0.7200647  0.62556636 0.70097089 0.74854368 0.68155342]
[0.66893202 0.7200647  1.         0.69190937 0.58122981 0.65436894  0.54983824]
[0.61941743 0.62556636 0.69190937 1.         0.6029126  0.62006468  0.57249188]
[0.72912627 0.70097089 0.58122981 0.6029126  1.         0.70194173  0.76893204]
[0.73915857 0.74854368 0.65436894 0.62006468 0.70194173 1.          0.6877023 ]
[0.70550162 0.68155342 0.54983824 0.57249188 0.76893204 0.6877023 1.        ]]


HIGH_AES_POEMS!
[[1.         0.7553398  0.69352746 0.66440129 0.67669904 0.74077666 0.66019416]
[0.7553398  1.         0.73236245 0.65080911 0.65792882 0.78025889 0.64660197]
[0.69352746 0.73236245 1.         0.71877027 0.55501616 0.62394828  0.52783173]
[0.66440129 0.65080911 0.71877027 1.         0.5815534  0.64595461 0.55954689]
[0.67669904 0.65792882 0.55501616 0.5815534  1.         0.63883495  0.77734625]
[0.74077666 0.78025889 0.62394828 0.64595461 0.63883495 1.          0.64207125]
[0.66019416 0.64660197 0.52783173 0.55954689 0.77734625 0.64207125  1.        ]]


NONFORMATED_POEMS!
[[1.         0.76433825 0.72316176 0.66470581 0.70808828 0.74705881 0.68602943]
[0.76433825 1.         0.73345596 0.67426473 0.68161762 0.78382349 0.65772057]
[0.72316176 0.73345596 1.         0.72058821 0.57573533 0.64705884 0.53750002]
[0.66470581 0.67426473 0.72058821 1.         0.59926468 0.6341911  0.57058823]
[0.70808828 0.68161762 0.57573533 0.59926468 1.         0.68308824 0.77499998]
[0.74705881 0.78382349 0.64705884 0.63419116 0.68308824 1. 0.67426473]
[0.68602943 0.65772057 0.53750002 0.57058823 0.77499998 0.67426473 1.        ]]


FORMATED_POEMS!
[[1.         0.7643382  0.68345588 0.62095594 0.73235297 0.74963236 0.69595587]
[0.7643382  1.         0.74191177 0.64264709 0.71139711 0.76213235 0.67830884]
[0.68345588 0.74191177 1.         0.71617651 0.58529413 0.65183818 0.56691176]
[0.62095594 0.64264709 0.71617651 1.         0.61139709 0.62794113 0.5768382 ]
[0.73235297 0.71139711 0.58529413 0.61139709 1.         0.70073533 0.76323533]
[0.74963236 0.76213235 0.65183818 0.62794113 0.70073533 1. 0.68639708]
[0.69595587 0.67830884 0.56691176 0.5768382  0.76323533 0.68639708 1.        ]]


SHORT_POEMS!
[[1.         0.65989971 0.63934839 0.59824562 0.62355888 0.62130326 0.59523803]
[0.65989971 1.         0.68721807 0.6047619  0.58521301 0.65213037 0.54385966]
[0.63934839 0.68721807 1.         0.64611524 0.53834593 0.62105262 0.53333336]
[0.59824562 0.6047619  0.64611524 1.         0.57869673 0.57418549 0.55614036]
[0.62355888 0.58521301 0.53834593 0.57869673 1.         0.58020049 0.68521303]
[0.62130326 0.65213037 0.62105262 0.57418549 0.58020049 1.     0.55488718]
[0.59523803 0.54385966 0.53333336 0.55614036 0.68521303 0.55488718 1.        ]]

LONG_POEMS!
[[1.         0.74686718 0.7050125  0.65288222 0.6486215  0.73934835 0.62807018]
[0.74686718 1.         0.73934835 0.67669171 0.62731832 0.77744365 0.60877192]
[0.7050125  0.73934835 1.         0.71378452 0.56215537 0.61578947 0.53157896]
[0.65288222 0.67669171 0.71378452 1.         0.58897245 0.65639102 0.57669175]
[0.6486215  0.62731832 0.56215537 0.58897245 1.         0.63558894 0.76967412]
[0.73934835 0.77744365 0.61578947 0.65639102 0.63558894 1. 0.61203009]
[0.62807018 0.60877192 0.53157896 0.57669175 0.76967412 0.61203009 1.        ]]


ALIGNED_POEMS_TOP5!
[[1.         0.68400007 0.64840001 0.63520002 0.73400003 0.7044 0.69120008]
[0.68400007 1.         0.65400004 0.63999999 0.6656     0.7068001 0.6676001 ]
[0.64840001 0.65400004 1.         0.66600007 0.6164     0.65160006 0.602     ]
[0.63520002 0.63999999 0.66600007 1.         0.6232     0.63880002 0.6124    ]
[0.73400003 0.6656     0.6164     0.6232     1.         0.68840003 0.72040004]
[0.7044     0.7068001  0.65160006 0.63880002 0.68840003 1.       0.6724    ]
[0.69120008 0.6676001  0.602      0.6124     0.72040004 0.6724 1.        ]]


ALIGNED_TEXTS_TOP5!
[[1.         0.6584     0.56480002 0.55800003 0.46760002 0.46399996 0.43079999]
[0.6584     1.         0.58920002 0.5832001  0.4492     0.44520003 0.41120002]
[0.56480002 0.58920002 1.         0.514      0.37959999 0.44999999 0.37040001]
[0.55800003 0.5832001  0.514      1.         0.46600002 0.4404 0.43560001]
[0.46760002 0.4492     0.37959999 0.46600002 1.         0.46359998 0.63240004]
[0.46399996 0.44520003 0.44999999 0.4404     0.46359998 1. 0.46079999]
[0.43079999 0.41120002 0.37040001 0.43560001 0.63240004 0.46079999 1.        ]]


ALIGNED_POEMS_TOP10!
[[1.         0.7184     0.704      0.68759996 0.80159998 0.74860007 0.76060003]
 [0.7184     1.         0.69860005 0.685      0.70260006 0.72239995 0.70120001]
 [0.704      0.69860005 1.         0.72080004 0.6846     0.70300007 0.65459996]
 [0.68759996 0.685      0.72080004 1.         0.66459996 0.67440003 0.65259999]
 [0.80159998 0.70260006 0.6846     0.66459996 1.         0.73559999 0.79000002]
 [0.74860007 0.72239995 0.70300007 0.67440003 0.73559999 1. 0.73759997]
 [0.76060003 0.70120001 0.65459996 0.65259999 0.79000002 0.73759997 1.        ]]

ALIGNED_TEXTS_TOP10!
 [[1.         0.67820001 0.59600008 0.583      0.52179998 0.52380002 0.50099999]
 [0.67820001 1.         0.60799998 0.61540002 0.48699999 0.47940004 0.44140002]
 [0.59600008 0.60799998 1.         0.5478     0.40740001 0.46259996 0.3996    ]
 [0.583      0.61540002 0.5478     1.         0.50300002 0.458 0.46740001]
 [0.52179998 0.48699999 0.40740001 0.50300002 1.         0.52159995 0.66659999]
 [0.52380002 0.47940004 0.46259996 0.458      0.52159995 1. 0.53019994]
 [0.50099999 0.44140002 0.3996     0.46740001 0.66659999 0.53019994 1.        ]]


NO_REPLACEMENT_POEMS_TOP5!
[[1.         0.71951222 0.69512194 0.65121955 0.75121951 0.71707314 0.74878049]
[0.71951222 1.         0.75121951 0.6463415  0.68536592 0.75121951 0.67317069]
[0.69512194 0.75121951 1.         0.70731705 0.67560971 0.68292683 0.70731705]
[0.65121955 0.6463415  0.70731705 1.         0.64390248 0.63414633 0.63170737]
[0.75121951 0.68536592 0.67560971 0.64390248 1.         0.72682929 0.78780484]
[0.71707314 0.75121951 0.68292683 0.63414633 0.72682929 1. 0.7390244 ]
[0.74878049 0.67317069 0.70731705 0.63170737 0.78780484 0.7390244 1.        ]]

NON_SAMPLED_TEXT!
[[1.         0.71707314 0.65365851 0.63658535 0.58780491 0.60731709 0.60243911]
 [0.71707314 1.         0.68536586 0.68780488 0.53902435 0.53658539 0.50975615]
 [0.65365851 0.68536586 1.         0.56829274 0.47073174 0.5 0.46097565]
 [0.63658535 0.68780488 0.56829274 1.         0.58536583 0.49024391 0.54146343]
 [0.58780491 0.53902435 0.47073174 0.58536583 1.         0.60487807 0.70487809]
 [0.60731709 0.53658539 0.5        0.49024391 0.60487807 1.  0.67317069]
 [0.60243911 0.50975615 0.46097565 0.54146343 0.70487809 0.67317069 1.        ]]

SAMPLED_TEXT!
 [[1.         0.70243907 0.59024394 0.59512198 0.55609763 0.51707321 0.5       ]
 [0.70243907 1.         0.58292687 0.59024394 0.56097567 0.47560975 0.50487804]
 [0.59024394 0.58292687 1.         0.56097561 0.42439023 0.4292683 0.41707319]
 [0.59512198 0.59024394 0.56097561 1.         0.51951218 0.43170732 0.47560975]
 [0.55609763 0.56097567 0.42439023 0.51951218 1.         0.53414631 0.66585362]
 [0.51707321 0.47560975 0.4292683  0.43170732 0.53414631 1. 0.50731713]
 [0.5        0.50487804 0.41707319 0.47560975 0.66585362 0.50731713 1.        ]]



POEMS_ALL!
[[1.         0.74425006 0.65050006 0.60874999 0.67524999 0.72674996 0.65049994]
 [0.74425006 1.         0.70975    0.62549996 0.64025003 0.75699997 0.62674999]
 [0.65050006 0.70975    1.         0.67175001 0.54250002 0.62950003 0.53600001]
 [0.60874999 0.62549996 0.67175001 1.         0.56575006 0.60049999 0.54550004]
 [0.67524999 0.64025003 0.54250002 0.56575006 1.         0.63999999 0.75825   ]
 [0.72674996 0.75699997 0.62950003 0.60049999 0.63999999 1. 0.63274997]
 [0.65049994 0.62674999 0.53600001 0.54550004 0.75825    0.63274997 1.        ]]

 POEMS_CLUSTER_1!
[[1.         0.73671496 0.65169078 0.63647342 0.65483093 0.72246385 0.63502413]
 [0.73671496 1.         0.71690816 0.62826091 0.63647342 0.76280189 0.61328501]
 [0.65169078 0.71690816 1.         0.69951683 0.53816426 0.61714971 0.51980674]
 [0.63647342 0.62826091 0.69951683 1.         0.55966181 0.63043481 0.53961354]
 [0.65483093 0.63647342 0.53816426 0.55966181 1.         0.63550729 0.75603867]
 [0.72246385 0.76280189 0.61714971 0.63043481 0.63550729 1.  0.62512076]
 [0.63502413 0.61328501 0.51980674 0.53961354 0.75603867 0.62512076 1.        ]]

 POEMS_CLUSTER_2!
 [[1.         0.73098963 0.65468746 0.6229167  0.70703125 0.70546871 0.69036454]
 [0.73098963 1.         0.70937508 0.62421876 0.68151045 0.73671883 0.66354167]
 [0.65468746 0.70937508 1.         0.6817708  0.57005209 0.63958329 0.54296875]
 [0.6229167  0.62421876 0.6817708  1.         0.60442704 0.60364586 0.57708329]
 [0.70703125 0.68151045 0.57005209 0.60442704 1.         0.671875 0.75520831]
 [0.70546871 0.73671883 0.63958329 0.60364586 0.671875   1. 0.67005211]
 [0.69036454 0.66354167 0.54296875 0.57708329 0.75520831 0.67005211 1.        ]]

--- IGNORE ---
**************
8B      61.70
Mistral 44.87
Gemma7  26.59
Gemma2  20.18
bloom17 10.44
omlo1B  21.82
bloom5  6.20


8B      23.49,12.77,13.07,7.32,4.05,6.63,3.51
Mistral 44.87
Gemma7  26.59
Gemma2  20.18
bloom17 10.44
omlo1B  21.82
bloom5  6.20


CLUSTERS
Overall average cosine similarity: 0.1883
Overall radius (two_sigma, geometric_median): 0.1438
Cluster 0 average cosine similarity: 0.2975
Cluster 0 radius (two_sigma, geometric_median): 0.1242
Cluster 1 average cosine similarity: 0.1205
Cluster 1 radius (two_sigma, geometric_median): 0.0837



Overall average cosine similarity: 0.1883
Overall radius (two_sigma, geometric_median): 0.1438
Cluster 0 average cosine similarity: 0.1154
Cluster 0 radius (two_sigma, geometric_median): 0.0831
Cluster 1 average cosine similarity: 0.2224
Cluster 1 radius (two_sigma, geometric_median): 0.1239
Cluster 2 average cosine similarity: 0.3324
Cluster 2 radius (two_sigma, geometric_median): 0.1470
Cluster 3 average cosine similarity: 0.3063
Cluster 3 radius (two_sigma, geometric_median): 0.1293